1 0.14 0.12021857923497267 0.23636363636363636 0.2185792349726776
1 0.14 0.3770491803278688 0.22181818181818183 0.22950819672131148
1 0.37636363636363634 0.38524590163934425 0.20727272727272728 0.22404371584699453
1 0.14727272727272728 0.644808743169399 0.22181818181818183 0.22950819672131148
1 0.3781818181818182 0.6420765027322405 0.20363636363636364 0.22404371584699453
1 0.6145454545454545 0.6420765027322405 0.2109090909090909 0.22404371584699453
1 0.14 0.8879781420765027 0.23636363636363636 0.22404371584699453
1 0.37636363636363634 0.8852459016393442 0.21454545454545454 0.22950819672131148
1 0.6181818181818182 0.8852459016393442 0.21818181818181817 0.22950819672131148
1 0.8636363636363636 0.8879781420765027 0.20727272727272728 0.22404371584699453
