0 0.18146718146718147 0.3376288659793814 0.2007722007722008 0.23195876288659795
0 0.12548262548262548 0.5979381443298969 0.17374517374517376 0.26804123711340205
0 0.24903474903474904 0.768041237113402 0.1891891891891892 0.24742268041237114
0 0.3667953667953668 0.5489690721649484 0.21621621621621623 0.28350515463917525
0 0.4266409266409267 0.8324742268041236 0.21235521235521235 0.29381443298969073
0 0.4594594594594595 0.3479381443298969 0.23938223938223938 0.26288659793814434
0 0.5096525096525096 0.5644329896907216 0.16216216216216217 0.26288659793814434
1 0.6293436293436293 0.7036082474226804 0.3706563706563707 0.5927835051546392
2 0.3416988416988417 0.21649484536082475 0.17374517374517376 0.2268041237113402
2 0.5617760617760618 0.16752577319587628 0.18146718146718147 0.22164948453608246
2 0.8957528957528957 0.5695876288659794 0.2007722007722008 0.27319587628865977
2 0.88996138996139 0.8247422680412371 0.20463320463320464 0.26804123711340205
2 0.6505791505791506 0.30412371134020616 0.21235521235521235 0.21649484536082475
2 0.8513513513513514 0.3582474226804124 0.22779922779922782 0.23195876288659795
2 0.7374517374517374 0.13659793814432988 0.2007722007722008 0.2422680412371134
