1 0.225 0.75 0.36875 0.21698113207547168
0 0.42031250000000003 0.7311320754716981 0.215625 0.330188679245283
0 0.703125 0.5731132075471698 0.17500000000000002 0.24056603773584906
2 0.5484375 0.2783018867924528 0.153125 0.24528301886792453
2 0.6703125000000001 0.7311320754716981 0.16562500000000002 0.22641509433962265
2 0.8328125000000001 0.7169811320754716 0.171875 0.2358490566037736
2 0.8296875 0.5 0.16562500000000002 0.20754716981132074
2 0.4109375 0.5165094339622641 0.140625 0.2122641509433962
0 0.5578125 0.4834905660377358 0.171875 0.1650943396226415
1 0.22031250000000002 0.6037735849056604 0.27187500000000003 0.20754716981132074
1 0.2609375 0.5165094339622641 0.253125 0.20283018867924527
