2 0.6394927536231884 0.6721311475409836 0.3079710144927536 0.46994535519125685
2 0.8967391304347826 0.6557377049180327 0.20652173913043478 0.46994535519125685
2 0.644927536231884 0.4371584699453552 0.26811594202898553 0.33879781420765026
2 0.8913043478260869 0.4016393442622951 0.21739130434782608 0.3005464480874317
2 0.8768115942028986 0.2814207650273224 0.2463768115942029 0.3114754098360656
0 0.32608695652173914 0.6475409836065574 0.31884057971014496 0.5191256830601093
0 0.35144927536231885 0.4426229508196721 0.2826086956521739 0.3825136612021858
0 0.08876811594202899 0.6612021857923497 0.17028985507246377 0.4918032786885246
0 0.10326086956521739 0.46174863387978143 0.19927536231884058 0.3989071038251366
0 0.10869565217391304 0.2896174863387978 0.21014492753623187 0.29508196721311475
0 0.34782608695652173 0.3005464480874317 0.2753623188405797 0.34972677595628415
2 0.6177536231884058 0.33060109289617484 0.27898550724637683 0.3333333333333333
